0.124405 0.290117 -0.589147 -0.048508 0.171721 0.096017 0.614462 -0.114953 0.163759 -0.307581 
-0.278979 -0.100513 0.244672 -0.175415 0.125038 0.565338 0.447800 -0.142691 -0.064999 0.510961 
0.638000 -0.094285 -0.005542 -0.544514 -0.153718 0.019541 0.092437 0.458089 0.022403 0.211274 
0.109116 0.252286 0.214682 -0.210782 0.563688 0.418972 -0.397056 0.013676 0.328305 -0.273900 
0.326328 0.509741 0.579283 0.039626 -0.064666 -0.295860 0.262442 -0.367741 -0.012576 0.023534 
-0.396304 0.453168 0.058721 0.051351 0.211533 -0.283707 0.122409 0.663959 0.074150 0.211983 
0.027910 0.067883 -0.182049 0.118417 -0.228122 -0.052203 -0.149801 -0.178186 0.795921 0.452773 
0.016001 -0.305636 0.394742 0.334414 -0.231754 0.183322 0.332242 0.338679 0.388302 -0.418919 
0.220159 0.443766 -0.132011 0.443505 -0.350514 0.527994 -0.179853 0.173917 -0.258189 0.097904 
0.417963 -0.270266 -0.038938 0.546985 0.579626 -0.110097 0.081741 0.060145 -0.063922 0.298466 